  0.  0.  40.
 -0.00333308364  0.5163458  39.9927183
 -0.0133316692  1.03248221  39.9708705
 -0.0299938896  1.54819953  39.9344485
 -0.0533166101  2.06328747  39.8834385
 -0.0832953951  2.57753487  39.8178213
 -0.119924459  3.09072932  39.7375723
 -0.163196605  3.60265695  39.6426611
 -0.213103145  4.11310205  39.5330518
 -0.269633809  4.62184679  39.4087027
 -0.332776633  5.12867085  39.2695662
 -0.402517829  5.63335113  39.115589
 -0.478841641  6.13566137  38.9467117
 -0.561730176  6.6353718  38.7628687
 -0.651163212  7.1322488  38.5639882
 -0.747117983  7.62605444  38.3499922
 -0.849568942  8.11654617  38.1207957
 -0.958487488  8.60347631  37.8763073
 -1.07384166  9.08659167  37.6164285
 -1.19559582  9.56563307  37.3410539
 -1.32371023  10.0403348  37.0500706
 -1.4581407  10.5104243  36.7433579
 -1.59883808  10.9756213  36.4207876
 -1.74574772  11.4356375  36.0822232
 -1.89880894  11.8901758  35.72752
 -2.05795438  12.3389298  35.3565242
 -2.22310924  12.781583  34.9690734
 -2.39419051  13.2178081  34.5649956
 -2.57110608  13.6472661  34.144109
 -2.75375374  14.0696057  33.7062218
 -2.94202003  14.4844622  33.2511316
 -3.13577907  14.8914565  32.7786251
 -3.33489107  15.2901941  32.2884777
 -3.53920085  15.680264  31.7804527
 -3.74853603  16.0612376  31.2543013
 -3.96270512  16.432667  30.7097621
 -4.18149522  16.7940841  30.1465604
 -4.40466964  17.1449985  29.5644076
 -4.63196503  17.4848962  28.9630015
 -4.86308823  17.8132377  28.3420251
 -5.09771275  18.1294559  27.7011467
 -5.33547472  18.4329541  27.0400197
 -5.57596835  18.7231035  26.3582821
 -5.81874081  18.9992406  25.6555567
 -6.06328644  19.2606646  24.9314514
 -6.30904012  19.5066339  24.1855594
 -6.55536987  19.7363633  23.4174603
 -6.80156843  19.9490196  22.6267208
 -7.04684368  20.1437181  21.812897
 -7.29030787  20.3195176  20.9755366
 -7.53096541  20.475416  20.1141823
 -7.76769912  20.6103441  19.2283765
 -7.99925472  20.7231603  18.3176673
 -8.22422351  20.8126434  17.3816166
 -8.44102293  20.8774857  16.4198099
 -8.64787506  20.9162845  15.4318706
 -8.842783  20.9275334  14.4174762
 -9.02350513  20.9096125  13.3763811
 -9.18752766  20.8607773  12.3084437
 -9.3320359  20.7791475  11.2136623
 -9.4538853  20.6626931  10.0922193
 -9.54957379  20.5092213  8.94453663
 -9.61521781  20.316361  7.77134505
 -9.64653557  20.0815467  6.57376928
 -9.63884278  19.8020018  5.35343188
 -9.58706792  19.4747217  4.11257852
 -9.48579712  19.0964569  2.85422635
 -9.32936171  18.6636979  1.58233589
 -9.11198535  18.1726629  0.30200448
 -8.82801162  17.6192917 -0.98032527
 -8.47223614  16.9992482 -2.25665429
 -8.04036876  16.3079385 -3.51723439
 -7.52964879  15.5405515 -4.75042576
 -6.93962746  14.6921331 -5.94264754
 -6.27311236  13.7577107 -7.07847383
 -5.53723785  12.7324883 -8.14092903
 -4.74458013  11.6121403 -9.11202424
 -3.91418061  10.3932395 -9.97354143
 -3.07228289  9.07385711 -10.7080108
 -2.25254014  7.65437355 -11.2997418
 -1.49542263  6.13851863 -11.7356767
 -0.846558165  4.53461977 -12.0057683
 -0.353772934  2.85695252 -12.1025876
 -0.0626689725  1.1269635 -12.0199806
 -0.0107015053 -0.626013889 -11.7508665
 -0.219969198 -2.36503872 -11.2847103
 -0.689408278 -4.04728174 -10.6057857
 -1.3878878 -5.62733338 -9.69389262
 -2.25078892 -7.06171134 -8.52923946
 -3.18350416 -8.31361291 -7.10194548
 -4.07460814 -9.35670326 -5.42361471
 -4.81772179 -10.1770049 -3.53499674
 -5.33508569 -10.7726329 -1.50354205
 -5.59246826 -11.1518201  0.589916208
 -5.59905939 -11.3300551  2.66878498
 -5.39489294 -11.3271337  4.67392099
 -5.03409796 -11.1646569  6.56821932
 -4.57121929 -10.8641947  8.33413218
 -4.05334789 -10.4461105  9.96805487
 -3.51728794 -9.92892039  11.4747022
 -2.98979019 -9.32903567  12.862866
 -2.48914507 -8.66074915  14.1427199
 -2.02709502 -7.9363619  15.3243281
 -1.61057551 -7.16637818  16.4169374
 -1.24312088 -6.3597237  17.4287238
 -0.925928386 -5.52396127  18.3667739
 -0.658632899 -4.66549025  19.2371758
 -0.439857097 -3.78972396  20.0451481
 -0.267595445 -2.90124376  20.7951734
 -0.139478534 -2.00393061  21.4911207
 -0.0529527216 -1.10107651  22.13635
 -0.00540047518 -0.195477978  22.7338009
  0.00578050354  0.71048548  23.2860647
 -0.0168733715  1.61478595  23.7954429
 -0.0709226554  2.51569239  24.2639948
 -0.154042603  3.41172491  24.6935759
 -0.264031866  4.30161658  25.0858693
 -0.398815148  5.18428141  25.4424108
 -0.556441906  6.05878745  25.7646095
 -0.735082524  6.92433422  26.0537652
 -0.933022944  7.78023367  26.3110822
 -1.14865844  8.62589404  26.5376811
 -1.38048702  9.46080627  26.7346084
 -1.62710264  10.2845324  26.9028453
 -1.88718865  11.0966957  27.043314
 -2.1595114  11.8969723  27.1568845
 -2.44291415  12.6850839  27.2443791
 -2.73631133  13.4607917  27.3065773
 -3.03868326  14.2238911  27.3442195
 -3.34907109  14.974207  27.3580106
 -3.66657228  15.7115898  27.3486227
 -3.99033623  16.4359125  27.3166984
 -4.31956044  17.1470671  27.2628524
 -4.65348684  17.8449621  27.1876742
 -4.99139847  18.5295208  27.0917299
 -5.33261642  19.2006788  26.9755638
 -5.676497  19.8583824  26.8397002
 -6.02242918  20.5025874  26.6846446
 -6.36983217  21.1332573  26.5108852
 -6.71815325  21.7503626  26.318894
 -7.06686575  22.3538795  26.1091279
 -7.4154672  22.9437893  25.88203
 -7.76347763  23.5200771  25.63803
 -8.11043796  24.0827317  25.3775456
 -8.4559086  24.6317446  25.1009832
 -8.79946806  25.1671094  24.8087385
 -9.14071175  25.6888217  24.5011972
 -9.47925082  26.1968784  24.1787361
 -9.81471109  26.6912772  23.8417231
 -10.1467321  27.1720164  23.4905184
 -10.4749662  27.6390949  23.1254747
 -10.7990778  28.0925112  22.7469379
 -11.1187422  28.5322638  22.3552476
 -11.4336456  28.9583507  21.9507373
 -11.7434836  29.3707692  21.5337355
 -12.0479612  29.7695159  21.1045655
 -12.346792  30.1545861  20.6635462
 -12.6396976  30.5259742  20.2109925
 -12.9264073  30.8836732  19.7472156
 -13.2066575  31.2276747  19.2725234
 -13.480191  31.5579686  18.7872208
 -13.7467574  31.8745433  18.2916103
 -14.0061118  32.1773854  17.7859922
 -14.2580153  32.4664797  17.2706651
 -14.5022338  32.7418089  16.7459258
 -14.7385388  33.0033539  16.2120704
 -14.966706  33.2510933  15.6693938
 -15.1865159  33.4850035  15.1181907
 -15.3977532  33.7050588  14.5587557
 -15.6002066  33.9112312  13.9913834
 -15.793669  34.10349  13.416369
 -15.9779366  34.2818024  12.8340086
 -16.1528095  34.4461327  12.2445994
 -16.3180913  34.596443  11.6484403
 -16.4735886  34.7326925  11.0458318
 -16.6191118  34.8548376  10.4370767
 -16.7544742  34.9628321  9.82248029
 -16.8794921  35.0566268  9.20235067
 -16.9939853  35.1361697  8.5769992
 -17.0977766  35.2014055  7.94674075
 -17.1906916  35.2522762  7.31189414
 -17.2725595  35.2887205  6.67278244
 -17.3432123  35.3106739  6.0297334
 -17.4024854  35.3180685  5.3830798
 -17.4502174  35.3108332  4.73315987
 -17.4862506  35.2888933  4.08031767
 -17.5104306  35.2521708  3.42490356
 -17.5226067  35.2005838  2.76727456
 -17.5226323  35.1340469  2.10779486
 -17.5103646  35.0524708  1.44683624
 -17.4856654  34.9557626  0.784778568
 -17.4484011  34.843825  0.122010283
 -17.3984428  34.716557 -0.541071085
 -17.335667  34.5738533 -1.20405839
 -17.259956  34.4156043 -1.86653432
 -17.171198  34.241696 -2.5280708
 -17.0692877  34.0520102 -3.18822846
 -16.9541271  33.8464238 -3.84655591
 -16.8256257  33.6248092 -4.5025892
 -16.6837012  33.3870339 -5.15585109
 -16.5282807  33.1329607 -5.80585032
 -16.3593007  32.8624472 -6.45208096
 -16.1767087  32.575346 -7.09402156
 -15.9804635  32.2715044 -7.7311344
 -15.7705368  31.9507644 -8.36286464
 -15.546914  31.6129625 -8.98863945
 -15.3095955  31.25793 -9.60786708
 -15.0585983  30.8854922 -10.2199359
 -14.7939574  30.495469 -10.8242135
 -14.5157272  30.0876746 -11.4200455
 -14.223984  29.6619173 -12.0067545
 -13.9188274  29.2179996 -12.5836391
 -13.6003828  28.7557184 -13.1499724
 -13.2688041  28.2748648 -13.7050011
 -12.924276  27.7752243 -14.2479438
 -12.5670174  27.2565769 -14.7779901
 -12.1972845  26.7186972 -15.2942987
 -11.8153744  26.161355 -15.7959963
 -11.4216297  25.5843152 -16.2821759
 -11.0164424  24.9873387 -16.7518951
 -10.6002592  24.3701828 -17.2041744
 -10.173587  23.7326018 -17.6379957
 -9.73699905  23.0743484 -18.0523
 -9.29114187  22.3951745 -18.445986
 -8.83674276  21.6948328 -18.8179076
 -8.37461828  20.9730787 -19.1668723
 -7.90568371  20.2296724 -19.4916383
 -7.43096352  19.4643816 -19.7909132
 -6.95160311  18.6769853 -20.0633506
 -6.46888178  17.8672771 -20.3075484
 -5.98422737  17.0350712 -20.5220453
 -5.4992324  16.1802077 -20.7053187
 -5.01567215  15.3025607 -20.855781
 -4.53552474  14.4020472 -20.9717767
 -4.06099343  13.4786388 -21.0515781
 -3.59453122  12.5323753 -21.0933812
 -3.13886804  11.5633822 -21.0953004
 -2.69704043  10.5718914 -21.0553626
 -2.27242362  9.55826777 -20.971499
 -1.86876581  8.52304128 -20.8415358
 -1.49022396  7.46694699 -20.6631809
 -1.14139974  6.3909748 -20.4340072
 -0.827373734  5.29643109 -20.1514288
 -0.55373435  4.18501544 -19.8126694
 -0.326595868  3.05891586 -19.4147178
 -0.15259695  1.92092696 -18.9542662
 -0.0388659167  0.774596152 -18.4276238
  0.00706829347 -0.375596471 -17.8305977
 -0.0225482564 -1.52401872 -17.1583276
 -0.135383473 -2.66362215 -16.4050627
 -0.338500181 -3.78563059 -15.5638682
 -0.637523885 -4.87918431 -14.6262572
 -1.03535203 -5.93095401 -13.5817722
 -1.53022103 -6.92475755 -12.4176013
 -2.11294146 -7.84124261 -11.1184436
 -2.76321496 -8.65774158 -9.66707283
 -3.44531754 -9.3484566 -8.04639621
 -4.1043152 -9.88518091 -6.24413436
 -4.66552119 -10.2387726 -4.2610679
 -5.0415416 -10.3815208 -2.12212756
 -5.15074605 -10.2903328  0.114226434
 -4.94505067 -9.9503221  2.35679961
 -4.43444161 -9.35800273  4.49890127
 -3.69118518 -8.52311665  6.44665425
 -2.82832823 -7.46834969  8.14195001
 -1.96571982 -6.22683408  9.56744977
 -1.20238229 -4.83809141  10.7357691
 -0.604149781 -3.3435276  11.6737966
 -0.204162459 -1.78253923  12.4106481
 -0.00977356438 -0.189855  12.9715375
 -0.0108171978  1.40577965  13.3761168
 -0.186749646  2.98182441  13.6391215
 -0.511949443  4.52145665  13.7717732
 -0.959293804  6.01273049  13.7831432
 -1.50239241  7.4476383  13.6811865
 -2.11686828  8.8212257  13.4734085
 -2.78100033  10.1308302  13.1672296
 -3.47595649  11.375463  12.7701363
 -4.18577495  12.5553264  12.2896952
 -4.89719881  13.6714469  11.7334938
 -5.5994325  14.7254023  11.1090463
 -6.28386417  15.719122  10.423694
 -6.94378155  16.6547428  9.68451394
 -7.57409809  17.5345061  8.89824509
 -8.17109905  18.3606861  8.07123311
 -8.73221234  19.1355399  7.20939479
 -9.255806  19.8612745  6.3181994
 -9.74101207  20.540025  5.40266424
 -10.1875755  21.1738413  4.4673615
 -10.5957262  21.7646805  3.51643362
 -10.9660713  22.3144045  2.55361464
 -11.2995064  22.8247788  1.58225536
 -11.5971414  23.2974746  0.605350836
 -11.8602407  23.734072 -0.37443131
 -12.0901748  24.136063 -1.35472263
 -12.2883808  24.5048565 -2.33342635
 -12.4563319  24.8417824 -3.30869115
 -12.5955126  25.1480959 -4.27888655
 -12.7074001  25.4249825 -5.24257993
 -12.7934497  25.6735619 -6.19851552
 -12.855084  25.8948924 -7.14559511
 -12.893685  26.0899749 -8.08286053
 -12.9105887  26.2597566 -9.00947792
 -12.9070812  26.4051343 -9.92472345
 -12.8843966  26.5269581 -10.8279706
 -12.8437161  26.6260344 -11.7186788
 -12.7861675  26.7031285 -12.5963832
 -12.712826  26.7589678 -13.4606858
 -12.6247154  26.7942435 -14.311247
 -12.5228092  26.809614 -15.1477791
 -12.4080323  26.8057061 -15.9700395
 -12.2812633  26.7831174 -16.777825
 -12.1433361  26.7424183 -17.5709674
 -11.9950421  26.6841534 -18.3493287
 -11.8371324  26.6088435 -19.1127971
 -11.6703196  26.5169865 -19.8612839
 -11.4952804  26.4090596 -20.5947203
 -11.3126569  26.2855198 -21.3130548
 -11.123059  26.1468057 -22.0162506
 -10.9270662  25.9933383 -22.7042839
 -10.7252293  25.8255221 -23.3771414
 -10.5180721  25.6437462 -24.0348196
 -10.3060932  25.4483851 -24.6773223
 -10.0897672  25.2397996 -25.3046602
 -9.86954659  25.0183377 -25.9168491
 -9.64586281  24.7843351 -26.5139094
 -9.41912768  24.5381163 -27.0958648
 -9.18973463  24.2799947 -27.6627419
 -8.95805984  24.010274 -28.2145689
 -8.72446334  23.7292479 -28.7513759
 -8.48929007  23.4372016 -29.2731934
 -8.25287081  23.1344114 -29.7800523
 -8.01552312  22.8211461 -30.2719836
 -7.77755219  22.4976665 -30.7490175
 -7.53925166  22.1642269 -31.2111835
 -7.30090437  21.8210748 -31.6585099
 -7.0627831  21.4684513 -32.0910236
 -6.82515123  21.106592 -32.5087497
 -6.58826338  20.735727 -32.9117115
 -6.35236603  20.3560813 -33.2999301
 -6.11769807  19.9678753 -33.6734242
 -5.88449136  19.5713249 -34.0322101
 -5.65297121  19.1666419 -34.3763016
 -5.4233569  18.7540345 -34.7057094
 -5.19586211  18.3337074 -35.0204416
 -4.97069536  17.9058621 -35.320503
 -4.74806042  17.4706974 -35.6058953
 -4.52815672  17.0284092 -35.8766171
 -4.3111797  16.5791914 -36.1326634
 -4.09732118  16.1232358 -36.3740257
 -3.88676969  15.6607323 -36.6006921
 -3.67971082  15.1918695 -36.8126467
 -3.4763275  14.7168345 -37.00987
 -3.27680031  14.2358139 -37.1923385
 -3.08130779  13.748993 -37.3600247
 -2.89002668  13.2565573 -37.5128969
 -2.70313221  12.7586916 -37.6509194
 -2.52079834  12.2555812 -37.7740517
 -2.34319805  11.7474117 -37.8822492
 -2.17050351  11.2343693 -37.9754624
 -2.0028864  10.7166413 -38.0536373
 -1.84051806  10.1944161 -38.1167148
 -1.68356974  9.66788407 -38.1646308
 -1.53221284  9.13723713 -38.197316
 -1.38661907  8.60266963 -38.2146956
 -1.24696068  8.06437851 -38.2166895
 -1.11341067  7.52256368 -38.2032116
 -0.986142942  6.9774284 -38.1741699
 -0.86533251  6.4291797 -38.129466
 -0.751155683  5.87802879 -38.0689954
 -0.643790225  5.32419152 -37.9926467
 -0.543415528  4.76788883 -37.9003013
 -0.450212766  4.20934728 -37.7918338
 -0.364365045  3.6487996 -37.6671108
 -0.286057542  3.08648522 -37.5259909
 -0.215477631  2.52265092 -37.3683246
 -0.152815  1.95755146 -37.1939534
 -0.0982617411  1.3914503 -37.0027098
 -0.0520124349  0.824620357 -36.7944163
 -0.014264203  0.257344825 -36.5688856
  0.014783262 -0.310081958 -36.3259191
  0.0349277006 -0.877353538 -36.0653072
  0.0459643269 -1.44415032 -35.7868279
  0.0476859161 -2.01013846 -35.4902466
  0.0398829451 -2.57496859 -35.1753149
  0.0223437996 -3.13827456 -34.8417697
 -0.00514494152 -3.69967192 -34.4893328
 -0.0427981284 -4.2587564 -34.1177089
 -0.090831549 -4.8151021 -33.7265854
 -0.149461305 -5.36825961 -33.3156304
 -0.218903021 -5.91775395 -32.8844915
 -0.299370866 -6.46308219 -32.4327943
 -0.391076333 -7.00371098 -31.9601407
 -0.494226735 -7.53907366 -31.4661067
 -0.609023364 -8.06856722 -30.9502407
 -0.735659228 -8.59154879 -30.4120608
 -0.874316286 -9.10733184 -29.8510522
 -1.02516208 -9.61518193 -29.2666646
 -1.18834559 -10.1143119 -28.6583087
 -1.36399227 -10.6038766 -28.0253528
 -1.55219784 -11.0829671 -27.3671188
 -1.75302085 -11.5506036 -26.6828782
 -1.9664735 -12.0057285 -25.9718466
 -2.19251051 -12.4471978 -25.2331795
 -2.43101534 -12.8737714 -24.4659658
 -2.68178349 -13.284103 -23.6692226
 -2.94450184 -13.6767275 -22.8418881
 -3.2187234 -14.0500479 -21.982816
 -3.50383615 -14.4023195 -21.0907682
 -3.79902482 -14.7316329 -20.1644102
 -4.10322377 -15.035894 -19.2023055
 -4.41505909 -15.3128019 -18.2029144
 -4.73277753 -15.5598236 -17.1645952
 -5.05415946 -15.7741656 -16.0856128
 -5.37641285 -15.9527421 -14.9641565
 -5.69604523 -16.0921391 -13.7983741
 -6.00871073 -16.1885749 -12.5864275
 -6.30903083 -16.2378568 -11.3265828
 -6.59039019 -16.2353344 -10.0173483
 -6.84471454 -16.1758507 -8.65768195
 -7.06224782 -16.0536933 -7.24729261
 -7.23136223 -15.8625491 -5.787069
 -7.33846185 -15.5954683 -4.27966844
 -7.3680779 -15.2448484 -2.73029363
 -7.30330349 -14.8024512 -1.1476598
 -7.12676642 -14.2594762  0.454900578
 -6.8223679 -13.6067211  2.05834808
 -6.37797466 -12.8348726  3.63715737
 -5.78907552 -11.9349841  5.15929766
 -5.06304844 -10.8992045  6.58748822
 -4.22316171 -9.72182255  7.88207879
 -3.31095312 -8.40066224  9.00538909
 -2.38554202 -6.93879237  9.92656366
 -1.51901161 -5.34638248  10.6253521
 -0.788151428 -3.64234735  11.0932492
 -0.264026866 -1.85523572  11.3313444
 -0.00145353019 -0.0227508483  11.3456415
 -0.0303484962  1.81051323  11.1417389
 -0.35041645  3.59702723  10.7210687
 -0.930065924  5.2912258  10.0803223
 -1.70994558  6.85415562  9.21452285
 -2.610922  8.25673728  8.12277495
 -3.54551081  9.48105215  6.8144496
 -4.4307196  10.5197678  5.31306822
 -5.19940671  11.3743053  3.65596516
 -5.8073742  12.0524795  1.88974456
 -6.23484643  12.5661942  0.0634707677
 -6.48304416  12.929523 -1.77778449
 -6.56801523  13.1572848 -3.59718498
 -6.51406527  13.2640865 -5.36769975
 -6.34835855  13.2637422 -7.07159107
 -6.0972679  13.1689654 -8.69877341
 -5.78435117  12.9912469 -10.2448507
 -5.4295284  12.7408471 -11.709317
 -5.04900785  12.4268556 -13.0941212
 -4.65560776  12.0572851 -14.4026219
 -4.25924059  11.6391787 -15.6388753
 -3.86742556  11.1787195 -16.807177
 -3.48576207  10.6813342 -17.911784
 -3.11833701  10.1517886 -18.9567567
 -2.76806077  9.59427336 -19.9458796
 -2.43693719  9.01247885 -20.8826298
 -2.12627671  8.40966144 -21.7701745
 -1.8368629  7.78870044 -22.6113836
 -1.56908143  7.15214745 -23.4088519
 -1.32301963  6.50226897 -24.1649229
 -1.098543  5.841083 -24.8817149
 -0.895353838  5.17039066 -25.5611441
 -0.713036225  4.4918033 -26.2049481
 -0.551090287  3.80676599 -26.8147054
 -0.408958395  3.11657775 -27.3918535
 -0.286045076  2.42240908 -27.9377052
 -0.181732102  1.7253171 -28.4534627
 -0.0953898844  1.02625875 -28.9402291
 -0.0263860106  0.32610224 -29.3990203
  0.0259084169 -0.374362919 -29.8307734
  0.0621141284 -1.07441721 -30.2363555
  0.0828403387 -1.77340346 -30.6165706
  0.0886823987 -2.4707201 -30.9721661
  0.0802202162 -3.16581525 -31.303838
  0.0580172648 -3.85818156 -31.6122362
  0.0226200417 -4.54735153 -31.8979684
 -0.0254421338 -5.23289352 -32.1616042
 -0.0856570644 -5.91440805 -32.4036783
 -0.157529428 -6.59152466 -32.6246933
 -0.240580392 -7.26389897 -32.8251227
 -0.334347119 -7.93121018 -33.0054133
 -0.438382211 -8.59315878 -33.1659868
 -0.552253099 -9.24946445 -33.3072424
 -0.675541405 -9.89986427 -33.429558
 -0.807842288 -10.544111 -33.533292
 -0.948763781 -11.1819717 -33.6187846
 -1.09792614 -11.8132263 -33.6863593
 -1.25496118 -12.4376663 -33.7363236
 -1.41951166 -13.0550938 -33.7689705
 -1.59123064 -13.6653204 -33.7845793
 -1.76978089 -14.2681665 -33.7834163
 -1.95483428 -14.86346 -33.7657361
 -2.14607125 -15.4510361 -33.7317817
 -2.34318022 -16.0307361 -33.6817857
 -2.54585709 -16.6024072 -33.6159707
 -2.75380473 -17.1659015 -33.53455
 -2.96673244 -17.7210757 -33.437728
 -3.18435556 -18.2677906 -33.3257009
 -3.40639491 -18.8059107 -33.1986569
 -3.63257644 -19.3353033 -33.056777
 -3.86263072 -19.8558387 -32.9002351
 -4.0962926 -20.3673896 -32.7291986
 -4.33330075 -20.8698307 -32.5438285
 -4.57339728 -21.3630382 -32.3442803
 -4.81632738 -21.8468899 -32.1307037
 -5.06183893 -22.3212647 -31.9032432
 -5.30968217 -22.7860421 -31.6620384
 -5.55960927 -23.2411023 -31.4072245
 -5.81137408 -23.6863259 -31.138932
 -6.0647317 -24.1215935 -30.8572875
 -6.31943822 -24.5467854 -30.5624139
 -6.5752503 -24.9617816 -30.2544304
 -6.83192494 -25.3664616 -29.9334528
 -7.08921905 -25.760704 -29.5995941
 -7.34688921 -26.1443864 -29.2529642
 -7.60469128 -26.5173851 -28.8936707
 -7.86238011 -26.8795753 -28.5218185
 -8.11970921 -27.2308302 -28.1375107
 -8.3764304 -27.5710215 -27.7408484
 -8.63229349 -27.9000189 -27.3319312
 -8.88704595 -28.2176898 -26.9108571
 -9.14043257 -28.5238994 -26.4777232
 -9.39219511 -28.8185104 -26.0326258
 -9.64207194 -29.1013826 -25.5756603
 -9.88979772 -29.3723729 -25.1069222
 -10.135103 -29.6313353 -24.6265067
 -10.3777138 -29.8781203 -24.1345095
 -10.6173514 -30.1125748 -23.6310268
 -10.8537318 -30.3345423 -23.1161558
 -11.0865653 -30.5438621 -22.5899952
 -11.3155563 -30.7403693 -22.0526452
 -11.5404026 -30.9238948 -21.5042081
 -11.7607952 -31.0942649 -20.9447891
 -11.9764177 -31.2513009 -20.3744959
 -12.1869459 -31.3948189 -19.7934402
 -12.3920474 -31.52463 -19.2017374
 -12.5913811 -31.6405393 -18.5995079
 -12.7845967 -31.7423461 -17.986877
 -12.9713339 -31.8298435 -17.3639761
 -13.1512227 -31.9028182 -16.7309433
 -13.3238818 -31.9610498 -16.0879242
 -13.488919 -32.0043108 -15.4350725
 -13.64593 -32.0323663 -14.7725513
 -13.7944985 -32.0449733 -14.100534
 -13.934195 -32.0418806 -13.4192053
 -14.0645766 -32.0228284 -12.7287624
 -14.1851866 -31.9875475 -12.0294165
 -14.2955536 -31.9357593 -11.3213941
 -14.3951914 -31.8671751 -10.6049386
 -14.4835982 -31.7814957 -9.88031196
 -14.5602562 -31.6784107 -9.14779657
 -14.6246316 -31.5575981 -8.40769739
 -14.6761737 -31.4187236 -7.66034411
 -14.714315 -31.2614403 -6.90609362
 -14.7384711 -31.0853876 -6.14533268
 -14.7480403 -30.8901908 -5.37848086
 -14.7424043 -30.6754603 -4.60599377
 -14.720928 -30.4407909 -3.8283665
 -14.6829604 -30.1857612 -3.04613754
 -14.6278353 -29.9099325 -2.25989293
 -14.5548724 -29.6128478 -1.47027085
 -14.4633792 -29.2940316 -0.677966617
 -14.3526525 -28.9529883  0.116261868
 -14.2219818 -28.5892017  0.911588175
 -14.0706518 -28.202134  1.70711091
 -13.8979472 -27.7912245  2.50184674
 -13.7031578 -27.3558891  3.29472281
 -13.4855843 -26.8955193  4.08456859
 -13.2445465 -26.409481  4.87010716
 -12.9793923 -25.8971141  5.6499458
 -12.6895087 -25.3577314  6.422566
 -12.3743356 -24.7906184  7.18631297
 -12.0333814 -24.1950329  7.93938452
 -11.6662419 -23.5702048  8.67981958
 -11.2726232 -22.9153366  9.40548635
 -10.8523678 -22.2296045  10.1140703
 -10.4054859 -21.5121599  10.8030625
 -9.93219214 -20.7621323  11.4697477
 -9.4329483 -19.9786327  12.1111942
 -8.90851278 -19.1607601  12.7242438
 -8.35999823 -18.3076085  13.3055048
 -7.78893768 -17.4182782  13.8513467
 -7.19736024 -16.4918899  14.3578985
 -6.58787712 -15.5276044  14.8210518
 -5.96377845 -14.5246483  15.2364683
 -5.32914123 -13.4823486  15.5995943
 -4.6889479 -12.4001777  15.9056816
 -4.04921442 -11.2778131  16.1498162
 -3.41712493 -10.1152161  16.326954
 -2.80116854 -8.91273442  16.4319615
 -2.21126981 -7.67123606  16.4596597
 -1.65890042 -6.39228354  16.4048629
 -1.15715157 -5.07835837  16.2624029
 -0.720736294 -3.73314787  16.0271225
 -0.365874293 -2.36190633  15.693812
 -0.109988477 -0.971900288  15.2570569
  0.0288915171  0.427059489  14.710952
  0.0331691834  1.82201262  14.0486367
 -0.112629111  3.19621317  13.2616183
 -0.419253508  4.52855383  12.3389079
 -0.888943439  5.79320916  11.2661422
 -1.51029729  6.95973478  10.0251624
 -2.25208854  7.99391856  8.59502911
 -3.05739175  8.85965975  6.95603602
 -3.84128493  9.52198357  5.09835697
 -4.4974552  9.95094435  3.03519413
 -4.91850747  10.125712  0.815587778
 -5.0276918  10.0377985 -1.47319724
 -4.80758493  9.69243593 -3.72185555
 -4.30673219  9.10764971 -5.8286738
 -3.61906643  8.31134748 -7.72490964
 -2.85076716  7.33734474 -9.38228453
 -2.09367022  6.22138817 -10.8043156
 -1.41333832  4.99795579 -12.0120092
 -0.848904631  3.69816109 -13.0321048
 -0.418501556  2.34870988 -13.8903058
 -0.12575553  0.971658267 -14.6085206
  0.0347183128 -0.415322476 -15.2043922
  0.0733263119 -1.79842088 -15.6918222
  0.00284607292 -3.1670715 -16.0817691
 -0.163225046 -4.51335392 -16.3830052
 -0.411640241 -5.83145548 -16.6027247
 -0.729933142 -7.11721609 -16.7469961
 -1.10667364 -8.36775577 -16.8210834
 -1.53155896 -9.58117665 -16.8296677
 -1.9954095 -10.7563284 -16.776997
 -2.49011265 -11.8926252 -16.6669868
 -3.00854096 -12.9899046 -16.5032869
 -3.54446026 -14.0483179 -16.2893268
 -4.09243685 -15.0682474 -16.0283446
 -4.64774864 -16.0502415 -15.7234086
 -5.20630288 -16.9949669 -15.3774309
 -5.76456132 -17.9031705 -14.9931782
 -6.31947324 -18.7756516 -14.5732802
 -6.86841577 -19.6132407 -14.1202363
 -7.40914133 -20.416783 -13.6364209
 -7.93973116 -21.1871266 -13.1240895
 -8.45855466 -21.9251133 -12.5853834
 -8.96423366 -22.6315725 -12.0223344
 -9.45561108 -23.3073162 -11.4368698
 -9.93172356 -23.9531355 -10.830817
 -10.3917774 -24.5697988 -10.2059079
 -10.8351276 -25.1580501 -9.56378378
 -11.2612591 -25.7186082 -8.90599925
 -11.6697712 -26.2521665 -8.23402681
 -12.0603625 -26.7593929 -7.5492609
 -12.4328192 -27.2409304 -6.853022
 -12.7870038 -27.6973972 -6.14656048
 -13.1228454 -28.1293874 -5.43106034
 -13.4403311 -28.537472 -4.70764285
 -13.7394991 -28.9221996 -3.97736996
 -14.0204315 -29.2840968 -3.2412476
 -14.2832487 -29.6236697 -2.50022882
 -14.5281044 -29.9414043 -1.75521678
 -14.7551812 -30.2377674 -1.0070676
 -14.9646862 -30.5132076 -0.256593034
 -15.1568478 -30.768156  0.495436948
 -15.3319129 -31.003027  1.24829175
 -15.4901434 -31.2182191  2.00127784
 -15.6318146 -31.4141154  2.75373661
 -15.7572127 -31.5910847  3.50504228
 -15.8666329 -31.7494819  4.2546
 -15.960378 -31.8896488  5.001844
 -16.0387569 -32.0119143  5.74623586
 -16.1020832 -32.1165957  6.48726285
 -16.1506742 -32.2039987  7.22443647
 -16.1848502 -32.274418  7.95729089
 -16.204933 -32.328138  8.68538166
 -16.211246 -32.3654333  9.40828436
 -16.2041131 -32.3865689  10.1255934
 -16.1838581 -32.3918008  10.8369209
 -16.1508045 -32.3813763  11.5418954
 -16.1052751 -32.3555347  12.2401613
 -16.0475915 -32.3145074  12.9313772
 -15.9780738 -32.2585182  13.6152157
 -15.8970407 -32.1877839  14.2913619
 -15.804809 -32.1025145  14.959513
 -15.7016936 -32.0029135  15.6193773
 -15.5880076 -31.8891782  16.2706736
 -15.4640616 -31.7614999  16.9131304
 -15.3301645 -31.6200644  17.5464854
 -15.1866227 -31.4650521  18.1704844
 -15.0337408 -31.2966383  18.7848815
 -14.8718212 -31.1149935  19.3894376
 -14.7011641 -30.9202834  19.9839207
 -14.5220679 -30.7126694  20.5681047
 -14.3348291 -30.4923088  21.1417695
 -14.1397423 -30.2593547  21.7047
 -13.9371006 -30.0139567  22.256686
 -13.7271953 -29.7562606  22.7975216
 -13.5103164 -29.4864091  23.3270049
 -13.2867528 -29.2045415  23.8449376
 -13.056792 -28.9107943  24.3511243
 -12.8207207 -28.605301  24.8453727
 -12.5788248 -28.2881927  25.3274926
 -12.3313896 -27.9595979  25.7972962
 -12.0787001 -27.619643  26.2545972
 -11.8210409 -27.2684523  26.6992108
 -11.558697 -26.9061482  27.1309532
 -11.2919532 -26.5328514  27.5496416
 -11.0210953 -26.1486811  27.9550934
 -10.7464093 -25.7537552  28.3471264
 -10.4681826 -25.3481904  28.725558
 -10.1867036 -24.9321025  29.0902055
 -9.9022625 -24.5056067  29.4408852
 -9.61515102 -24.0688175  29.7774126
 -9.32566314 -23.621849  30.0996016
 -9.03409526 -23.1648154  30.4072649
 -8.7407465 -22.6978311  30.700213
 -8.44591911 -22.2210105  30.9782544
 -8.14991875 -21.734469  31.2411949
 -7.85305491 -21.2383227  31.4888378
 -7.5556413 -20.732689  31.720983
 -7.25799623 -20.2176866  31.9374273
 -6.96044308 -19.6934361  32.1379635
 -6.66331069 -19.1600602  32.3223804
 -6.3669339 -18.6176841  32.4904624
 -6.071654 -18.0664358  32.6419891
 -5.77781928 -17.5064466  32.7767349
 -5.48578557 -16.9378516  32.8944688
 -5.19591682 -16.36079  32.9949537
 -4.90858575 -15.775406  33.0779462
 -4.62417444 -15.1818486  33.1431959
 -4.34307507 -14.5802733  33.1904453
 -4.06569063 -13.9708418  33.2194291
 -3.79243568 -13.3537233  33.2298735
 -3.52373719 -12.7290951  33.2214958
 -3.26003537 -12.0971435  33.1940039
 -3.0017846 -11.4580649  33.1470954
 -2.7494544 -10.8120666  33.0804571
 -2.50353044 -10.1593684  32.993764
 -2.26451565 -9.5002033  32.8866789
 -2.0329313 -8.83481965  32.7588511
 -1.80931827 -8.16348222  32.6099155
 -1.59423827 -7.48647422  32.4394916
 -1.38827518 -6.80409922  32.2471825
 -1.19203645 -6.11668341  32.0325733
 -1.00615451 -5.42457807  31.7952298
 -0.831288316 -4.72816232  31.5346972
 -0.668124834 -4.02784631  31.2504978
 -0.517380626 -3.32407466  30.9421295
 -0.379803404 -2.61733049  30.6090632
 -0.256173559 -1.90813987  30.2507407
 -0.147305626 -1.19707692  29.8665717
 -0.0540496151 -0.484769523  29.4559303
  0.0227078632  0.228094061  29.0181519
  0.0820427863  0.940757762  28.5525283
  0.122993364  1.65238915  28.0583033
  0.144560329  2.36206967  27.5346668
  0.145708132  3.0687834  26.9807483
  0.125367385  3.77140417  26.3956088
  0.0824390052  4.46868067  25.7782322
  0.0158006935  5.15921928  25.1275142
 -0.0756834403  5.84146417  24.4422495
 -0.193148971  6.51367426  23.721117
 -0.337711474  7.17389643  22.9626617
 -0.51043901  7.81993441  22.1652733
 -0.712314035  8.4493126  21.327161
 -0.94418099  9.05923391  20.446324
 -1.20667451  9.64653078  19.5205166
 -1.50012145  10.2076084  18.5472086
 -1.82440756  10.7383789  17.5235416
 -2.17879658  11.2341859  16.4462823
 -2.56168605  11.6897182  15.3117792
 -2.97027936  12.0989131  14.1159308
 -3.40015014  12.4548494  12.8541852
 -3.84467249  12.7496342  11.5216012
 -4.29429505  12.9742873  10.1130279
 -4.73565551  13.1186365  8.6234919
 -5.15058143  13.1712408  7.04892829
 -5.51512735  13.1193725  5.38744648
 -5.79899124  12.9491032  3.64135073
 -5.9659535  12.6455615  1.82007152
 -5.97633763  12.1934492 -0.0561251519
 -5.7926618  11.5779198 -1.95244527
 -5.38911573  10.7859198 -3.81768834
 -4.76366699  9.80803925 -5.58673665
 -3.9486807  8.64079749 -7.18921244
 -3.01394419  7.28907569 -8.56293981
 -2.05788023  5.76815422 -9.66679309
 -1.18872255  4.10462542 -10.4864772
 -0.503035596  2.33551896 -11.0307711
 -0.0694631881  0.505405412 -11.3214981
  0.0785149469 -1.33806564 -11.3830437
 -0.0584373636 -3.14912819 -11.2356056
 -0.451855632 -4.88813408 -10.8931924
 -1.05414872 -6.52419725 -10.3651599
 -1.80746158 -8.03603036 -9.65936155
 -2.65147399 -9.4113109 -8.78526272
 -3.5295209 -10.6451703 -7.75600296
 -4.39281449 -11.7383728 -6.58904909
 -5.20279868 -12.6955779 -5.30558664
 -5.93185356 -13.5238884 -3.9290942
 -6.56270984 -14.2317421 -2.48362267
 -7.08701077 -14.8281241 -0.992212441
 -7.50345463 -15.3220403  0.524291544
 -7.81587452 -15.7221883  2.04794191
 -8.03149778 -16.036768  3.56395026
 -8.15951244 -16.2733876  5.06061506
 -8.20997636 -16.4390312  6.52903772
 -8.19304594 -16.5400644  7.96273187
 -8.11847156 -16.5822632  9.35720319
 -7.99529878 -16.5708536  10.7095486
 -7.83171804 -16.5105576  12.0181004
 -7.63501541 -16.4056395  13.2821265
 -7.4115878 -16.2599513  14.501585
 -7.16699628 -16.0769746  15.6769313
 -6.90603908 -15.8598604  16.8089667
 -6.63283245 -15.6114638  17.8987244
 -6.35089169 -15.3343764  18.9473835
 -6.06320816 -15.0309541  19.9562053
 -5.77231984 -14.7033429  20.9264874
 -5.48037458 -14.3535011  21.8595307
 -5.18918582 -13.9832192  22.7566166
 -4.90028116 -13.5941373  23.618991
 -4.61494431 -13.1877608  24.4478545
 -4.3342512 -12.7654741  25.2443564
 -4.0591008 -12.328553  26.0095908
 -3.79024148 -11.8781749  26.744596
 -3.5282934 -11.4154292  27.4503545
 -3.27376765 -10.9413251  28.1277941
 -3.02708242 -10.4567998  28.7777897
 -2.78857681 -9.96272484  29.401166
 -2.55852257 -9.4599122  29.9986994
 -2.33713405 -8.94911995  30.571121
 -2.12457671 -8.43105686  31.119119
 -1.92097433 -7.90638688  31.6433413
 -1.72641521 -7.375733  32.1443983
 -1.54095739 -6.83968077  32.6228647
 -1.36463319 -6.29878154  33.0792823
 -1.19745299 -5.75355525  33.5141618
 -1.03940855 -5.20449313  33.9279851
 -0.890475834 -4.65205998  34.3212066
 -0.750617369 -4.09669638  34.6942559
 -0.619784347 -3.53882059  35.0475382
 -0.497918375 -2.97883037  35.381437
 -0.384952994 -2.41710462  35.6963145
 -0.280814975 -1.85400481  35.9925136
 -0.185425434 -1.2898764  36.2703587
 -0.0987007848 -0.725050079  36.5301568
 -0.0205535515 -0.159842903  36.7721987
  0.0491069323  0.40544063  36.9967599
  0.110373931  0.970507604  37.2041013
  0.163342803  1.53507578  37.3944703
  0.208110569  2.09887275  37.5681012
  0.244775556  2.66163518  37.7252162
  0.273437091  3.22310806  37.8660258
  0.294195248  3.78304403  37.9907295
  0.307150645  4.34120278  38.0995164
  0.312404268  4.89735043  38.1925655
  0.310057341  5.451259  38.2700464
  0.300211221  6.00270587  38.3321197
  0.282967319  6.55147332  38.3789372
  0.258427041  7.09734803  38.4106424
  0.226691765  7.64012068  38.4273711
  0.187862814  8.17958554  38.4292513
  0.142041469  8.71554002  38.4164035
  0.0893289832  9.24778437  38.3889415
  0.029826612  9.77612127  38.346972
 -0.0363643366  10.3003555  38.2905954
 -0.109142446  10.8202936  38.2199055
 -0.188406121  11.3357436  38.1349902
 -0.274053506  11.8465147  38.0359313
 -0.365982394  12.3524168  37.9228047
 -0.464090122  12.8532604  37.7956809
 -0.568273461  13.3488563  37.6546248
 -0.67842849  13.8390154  37.499696
 -0.794450462  14.323548  37.3309488
 -0.91623366  14.802264  37.1484324
 -1.04367124  15.2749725  36.952191
 -1.17665506  15.7414813  36.7422638
 -1.31507551  16.201597  36.5186853
 -1.45882131  16.6551245  36.2814851
 -1.60777929  17.1018665  36.0306882
 -1.76183421  17.5416239  35.7663148
 -1.92086847  17.9741948  35.4883807
 -2.08476191  18.3993745  35.196897
 -2.25339147  18.8169554  34.8918703
 -2.42663098  19.2267264  34.5733028
 -2.60435079  19.6284728  34.2411923
 -2.78641743  20.0219758  33.8955321
 -2.9726933  20.4070122  33.536311
 -3.16303622  20.7833544  33.1635136
 -3.35729908  21.1507696  32.7771202
 -3.5553293  21.5090196  32.3771065
 -3.75696843  21.8578604  31.963444
 -3.96205158  22.1970421  31.5360999
 -4.17040685  22.526308  31.0950371
 -4.38185474  22.8453944  30.6402141
 -4.59620747  23.1540302  30.1715854
 -4.81326823  23.4519363  29.689101
 -5.03283045  23.7388252  29.1927069
 -5.25467691  24.0144003  28.6823448
 -5.47857881  24.2783557  28.1579524
 -5.70429479  24.530375  27.6194635
 -5.93156978  24.7701313  27.0668079
 -6.16013386  24.9972859  26.4999117
 -6.3897009  25.2114882  25.9186973
 -6.61996711  25.4123746  25.3230839
 -6.85060955  25.5995675  24.7129874
 -7.08128433  25.7726748  24.0883211
 -7.31162476  25.9312888  23.4489957
 -7.5412393  26.0749852  22.7949198
 -7.76970928  26.203322  22.126001
 -7.99658641  26.3158386  21.4421457
 -8.22139008  26.412054  20.7432609
 -8.44360435  26.4914661  20.0292543
 -8.66267468  26.55355  19.3000361
 -8.8780043  26.5977563  18.5555203
 -9.08895029  26.6235099  17.7956261
 -9.29481923  26.6302079  17.0202808
 -9.49486245  26.6172176  16.2294211
 -9.68827083  26.5838748  15.4229974
 -9.87416917  26.5294813  14.6009763
 -10.05161  26.4533026  13.7633456
 -10.2195668  26.3545654  12.910119
 -10.3769271  26.2324547  12.0413426
 -10.5224843  26.0861107  11.1571021
 -10.6549297  25.914626  10.2575315
 -10.7728437  25.7170416  9.34282389
 -10.8746869  25.4923438  8.41324402
 -10.9587908  25.2394597  7.46914322
 -11.0233487  24.9572534  6.51097753
 -11.0664068  24.6445211  5.5393291
 -11.085857  24.2999871  4.55493171
 -11.0794307  23.9222982  3.55870106
 -11.0446951  23.5100195  2.55177058
 -10.9790551  23.0616287  1.53553364
 -10.879759  22.5755118  0.511692979
 -10.7439148  22.049958 -0.517681823
 -10.5685165  21.4831565 -1.55008814
 -10.3504868  20.8731932 -2.58251493
 -10.0867412  20.2180496 -3.61135844
 -9.77427824  19.5156045 -4.63232983
 -9.41030621  18.763639 -5.64035706
 -8.99241274  17.9598472 -6.62948514
 -8.51878873  17.1018543 -7.59278139
 -7.98851565  16.1872461 -8.5222555
 -7.40192506  15.2136131 -9.40880826
 -6.76103518  14.1786161 -10.2422265
 -6.07006273  13.0800808 -11.0112458
 -5.33599688  11.9161316 -11.7037035
 -4.56920585  10.6853797 -12.306803
 -3.78402448  9.38718105 -12.8074988
 -2.99924428  8.02198638 -13.1929977
 -2.2383978  6.59180627 -13.4513351
 -1.52969983  5.10081252 -13.5719517
 -0.90548282  3.55608866 -13.5461461
 -0.400946014  1.96851788 -13.367242
 -0.0520307747  0.353750574 -13.0302974
  0.10775542 -1.26688331 -12.5312208
  0.051695834 -2.86575627 -11.865293
 -0.234600413 -4.40896751 -11.025344
 -0.746789882 -5.85740842 -10.0002492
 -1.45540816 -7.16917037 -8.77493528
 -2.30136529 -8.30327432 -7.3334897
 -3.19636695 -9.22419182 -5.66663907
 -4.03186882 -9.90614381 -3.78290575
 -4.69832924 -10.3360203 -1.71905185
 -5.11090777 -10.51414  0.457547706
 -5.23097483 -10.4528057  2.65957828
 -5.07209112 -10.1733115  4.79994034
 -4.68802462 -9.70236653  6.81063224
 -4.15131185 -9.06878951  8.65151335
 -3.53372314 -8.30096346  10.3082682
 -2.89472246 -7.42518354  11.7846575
 -2.27775495 -6.46478824  13.0942844
 -1.71136277 -5.43986759  14.2544874
 -1.21225693 -4.36733942  15.2827303
 -0.788612909 -3.26122663  16.194874
 -0.442849237 -2.1330207  17.0045892
 -0.173715569 -0.992060839  17.723354
  0.0222394427  0.154109628  18.3607
  0.149680516  1.29942719  18.92453
  0.213843016  2.43903764  19.4214252
  0.220127285  3.56906975  19.8569102
  0.173851404  4.68644877  20.2356703
  0.080107714  5.78874413  20.5617235
 -0.0563138413  6.87404588  20.8385544
 -0.230960103  7.94086472  21.0692193
 -0.439722921  8.98805129  21.2564262
 -0.678831683  10.0147311  21.4025979
 -0.944836907  11.0202518  21.5099207
 -1.23458919  12.0041411  21.580383
 -1.54521618  12.9660717  21.6158053
 -1.87409936  13.9058341  21.617865
 -2.2188514  14.8233135  21.5881152
 -2.57729487  15.7184717  21.5280013
 -2.94744243  16.5913319  21.4388738
 -3.32747868  17.4419664  21.321999
 -3.71574364  18.2704867  21.1785684
 -4.11071776  19.0770355  21.0097064
 -4.51100846  19.8617793  20.8164764
 -4.91533802  20.6249036  20.5998871
 -5.3225326  21.3666081  20.3608972
 -5.73151258  22.0871027  20.1004196
 -6.1412837  22.786605  19.8193253
 -6.55092924  23.4653372  19.5184465
 -6.95960297  24.1235244  19.1985802
 -7.36652278  24.761393  18.8604903
 -7.77096504  25.3791689  18.5049103
 -8.17225945  25.9770768  18.1325454
 -8.56978444  26.555339  17.7440748
 -8.96296304  27.1141748  17.3401528
 -9.35125913  27.6538  16.9214114
 -9.73417405  28.1744263  16.488461
 -10.1112436  28.6762608  16.0418925
 -10.4820352  29.1595062  15.5822778
 -10.8461455  29.62436  15.1101721
 -11.2031979  30.0710147  14.6261138
 -11.5528409  30.4996578  14.1306266
 -11.8947458  30.9104713  13.6242197
 -12.2286051  31.3036321  13.1073893
 -12.5541313  31.6793118  12.580619
 -12.8710551  32.0376767  12.0443807
 -13.1791241  32.3788878  11.4991356
 -13.4781019  32.7031012  10.9453347
 -13.7677671  33.0104675  10.3834196
 -14.0479119  33.3011326  9.8138227
 -14.3183416  33.5752373  9.2369685
 -14.5788734  33.8329174  8.65327362
 -14.8293363  34.0743041  8.06314758
 -15.0695696  34.2995239  7.46699323
 -15.2994232  34.5086983  6.86520728
 -15.518756  34.7019449  6.25818075
 -15.7274365  34.8793763  5.64629944
 -15.9253414  35.041101  5.02994432
 -16.1123556  35.1872233  4.40949199
 -16.2883719  35.3178432  3.78531504
 -16.4532905  35.4330567  3.15778247
 -16.6070186  35.5329559  2.52726004
 -16.7494703  35.6176287  1.89411062
 -16.8805663  35.6871596  1.25869456
 -17.0002336  35.7416289  0.621370022
 -17.1084055  35.7811136 -0.0175066819
 -17.2050211  35.805687 -0.657580781
 -17.2900255  35.8154188 -1.29849872
 -17.3633694  35.8103753 -1.93990785
 -17.4250092  35.7906196 -2.58145612
 -17.4749069  35.7562112 -3.22279178
 -17.5130299  35.7072066 -3.86356309
 -17.539351  35.6436591 -4.50341801
 -17.5538486  35.5656188 -5.14200394
 -17.5565064  35.4731329 -5.7789674
 -17.5473136  35.3662454 -6.41395374
 -17.5262648  35.2449975 -7.04660688
 -17.4933604  35.1094277 -7.67656903
 -17.4486062  34.9595715 -8.30348035
 -17.3920137  34.7954617 -8.92697871
 -17.3236006  34.6171283 -9.54669938
 -17.2433902  34.4245989 -10.1622748
 -17.1514121  34.2178984 -10.773334
 -17.0477024  33.9970492 -11.379503
 -16.9323035  33.7620712 -11.9804035
 -16.8052648  33.5129821 -12.5756535
 -16.6666427  33.249797 -13.1648663
 -16.5165007  32.9725289 -13.7476509
 -16.3549101  32.6811887 -14.3236108
 -16.1819504  32.375785 -14.8923444
 -15.997709  32.0563245 -15.4534443
 -15.8022823  31.7228118 -16.0064972
 -15.595776  31.3752498 -16.5510832
 -15.3783051  31.0136395 -17.0867758
 -15.1499951  30.6379803 -17.6131412
 -14.9109821  30.2482701 -18.1297381
 -14.6614136  29.8445053 -18.6361174
 -14.4014491  29.4266809 -19.1318217
 -14.1312605  28.994791 -19.6163846
 -13.8510337  28.5488285 -20.0893308
 -13.5609684  28.0887857 -20.5501752
 -13.2612797  27.6146541 -20.9984227
 -12.9521989  27.1264249 -21.4335675
 -12.6339744  26.6240894 -21.8550928
 -12.3068728  26.1076387 -22.2624703
 -11.9711804  25.5770647 -22.6551593
 -11.6272044  25.0323599 -23.0326068
 -11.275274  24.4735182 -23.3942462
 -10.9157427  23.9005352 -23.7394972
 -10.5489891  23.3134085 -24.0677649
 -10.1754193  22.7121388 -24.3784393
 -9.79546877  22.09673 -24.6708946
 -9.40960448  21.4671902 -24.9444885
 -9.01832717  20.8235325 -25.1985613
 -8.62217394  20.1657761 -25.4324353
 -8.22172106  19.4939471 -25.645414
 -7.81758695  18.8080798 -25.836781
 -7.41043544  18.1082186 -26.0057995
 -7.0009794  17.3944188 -26.1517112
 -6.58998463  16.666749 -26.2737351
 -6.17827408  15.9252934 -26.3710667
 -5.76673256  15.1701536 -26.442877
 -5.35631176  14.401452 -26.488311
 -4.9480358  13.6193349 -26.5064868
 -4.54300725  12.8239762 -26.4964941
 -4.14241373  12.0155819 -26.4573926
 -3.74753501  11.1943952 -26.3882107
 -3.35975084  10.3607025 -26.2879439
 -2.98054931  9.51483997 -26.1555522
 -2.611536  8.65720234 -25.9899588
 -2.25444369  7.78825188 -25.7900471
 -1.91114287  6.90852988 -25.5546578
 -1.58365273  6.01866982 -25.282586
 -1.27415274  5.11941303 -24.9725766
 -0.984994472  4.21162721 -24.6233199
 -0.718713466  3.29632848 -24.2334453
 -0.478040527  2.37470756 -23.8015137
 -0.265911784  1.44816112 -23.326008
 -0.0854763382  0.518329164 -22.8053208
  0.0599001818 -0.41286015 -22.237738
  0.166638632 -1.34313673 -21.6214185
  0.230959562 -2.26982406 -20.9543658
  0.248911932 -3.18976184 -20.2343919
  0.216425062 -4.09921328 -19.459069
  0.129395045 -4.99375447 -18.6256656
 -0.0161780679 -5.868143 -17.7310631
 -0.223978866 -6.71616334 -16.7716475
 -0.497057374 -7.53044755 -15.743173
 -0.837354886 -8.30227154 -14.640596
 -1.24501028 -9.02133173 -13.4578889
 -1.71736286 -9.67551341 -12.1878626
 -2.24755323 -10.2506742 -10.8220689
 -2.82263156 -10.7304841 -9.35093401
 -3.42115672 -11.0963894 -7.76441133
 -4.01049164 -11.3278017 -6.05363829
 -4.544506 -11.4026474 -4.21428598
 -4.96330537 -11.298438 -2.25226368
 -5.19775383 -10.9939997 -0.191659653
 -5.18192662 -10.4719053  1.91737267
 -4.87404475 -9.72143521  3.99626196
 -4.27947391 -8.74158887  5.94771397
 -3.46213663 -7.54336601  7.67817545
 -2.53313334 -6.15045682  9.12276368
 -1.62026787 -4.59778496  10.257825
 -0.835466913 -2.92801683  11.0955905
 -0.255071785 -1.18687222  11.6683798
  0.0839576305  0.581557229  12.0132928
  0.177492226  2.33843915  12.1630893
  0.0440738518  4.05227282  12.1431679
 -0.284651596  5.69945925  11.9721855
 -0.771284967  7.26377468  11.6640437
 -1.37766086  8.73523926  11.229914
 -2.06789985  10.1087865  10.679764
 -2.81006183  11.3829929  10.0232944
 -3.57686122  12.5589951  9.27038431
 -4.34578806  13.639633  8.43119769
 -5.09887438  14.6288053  7.51608595
 -5.82226591  15.5310048  6.53539483
 -6.50570378  16.3509937  5.49924596
 -7.14198287  17.0935853  4.4173365
 -7.72642807  17.7635013  3.29877892
 -8.25641259  18.3652835  2.15198822
 -8.73093037  18.9032433  0.984615518
 -9.15022721  19.3814358 -0.196478145
 -9.51548988  19.8036519 -1.3852159
 -9.8285895  20.1734197 -2.57627523
 -10.0918735  20.4940141 -3.76504182
 -10.308  20.7684699 -4.94755351
 -10.4798087  20.9995964 -6.12043918
 -10.610221  21.1899932 -7.28085651
 -10.7021656  21.3420667 -8.42643118
 -10.7585236  21.4580449 -9.55519921
 -10.7820894  21.5399923 -10.6655537
 -10.7755439  21.5898236 -11.7561962
 -10.7414378  21.6093164 -12.8260932
 -10.6821812  21.6001226 -13.8744375
 -10.6000399  21.5637798 -14.9006144
 -10.4971348  21.5017203 -15.9041718
 -10.3754445  21.4152806 -16.8847943
 -10.2368101  21.3057093 -17.8422815
 -10.0829409  21.1741742 -18.7765284
 -9.91542162  21.0217696 -19.6875093
 -9.73571954  20.8495216 -20.5752639
 -9.54519186  20.6583942 -21.4398851
 -9.34509321  20.4492942 -22.2815091
 -9.13658298  20.2230754 -23.1003069
 -8.92073227  19.9805432 -23.8964771
 -8.69853057  19.722458 -24.6702395
 -8.47089208  19.4495389 -25.4218304
 -8.23866162  19.1624668 -26.151498
 -8.0026201  18.861887 -26.8594989
 -7.76348973  18.5484121 -27.546095
 -7.52193871  18.2226243 -28.2115515
 -7.27858565  17.8850777 -28.8561338
 -7.03400357  17.5363002 -29.4801069
 -6.7887237  17.1767953 -30.0837334
 -6.54323881  16.807044 -30.6672724
 -6.29800641  16.4275061 -31.2309785
 -6.05345163  16.0386221 -31.7751016
 -5.80996982  15.6408141 -32.2998855
 -5.56792903  15.2344872 -32.805568
 -5.32767216  14.8200308 -33.2923804
 -5.08951906  14.3978194 -33.7605472
 -4.85376834  13.9682139 -34.210286
 -4.62069912  13.5315622 -34.6418072
 -4.39057255  13.0882003 -35.0553142
 -4.16363329  12.638453 -35.4510029
 -3.9401108  12.1826348 -35.8290624
 -3.72022056  11.7210505 -36.1896744
 -3.50416516  11.2539957 -36.5330135
 -3.29213534  10.7817577 -36.8592473
 -3.08431091  10.304616 -37.1685365
 -2.88086164  9.82284288 -37.4610348
 -2.681948  9.33670373 -37.7368892
 -2.48772193  8.84645782 -37.9962402
 -2.29832751  8.35235861 -38.2392214
 -2.11390155  7.85465428 -38.4659604
 -1.93457417  7.35358809 -38.676578
 -1.76046935  6.84939884 -38.8711892
 -1.59170538  6.34232125 -39.0499026
 -1.42839532  5.83258635 -39.2128209
 -1.27064743  5.32042181 -39.3600409
 -1.11856552  4.80605235 -39.4916535
 -0.972249302  4.28970003 -39.6077439
 -0.831794756  3.77158462 -39.7083918
 -0.697294381  3.25192389 -39.793671
 -0.568837498  2.73093397 -39.8636501
 -0.446510496  2.20882963 -39.9183922
 -0.330397066  1.6858246 -39.9579548
 -0.220578419  1.16213189 -39.9823904
 -0.117133482  0.637964066 -39.9917459
 -0.0201390773  0.113533552 -39.9860632
  0.0703299081 -0.410947042 -39.965379
  0.154200377 -0.93526464 -39.9297245
  0.231400886 -1.45920539 -39.8791259
  0.301861523 -1.98255436 -39.8136044
  0.365513801 -2.50509521 -39.7331758
  0.422290564 -3.02660992 -39.6378507
  0.472125908 -3.5468784 -39.5276345
  0.51495511 -4.06567822 -39.4025275
  0.550714579 -4.58278423 -39.2625245
  0.579341815 -5.09796824 -39.1076153
  0.60077538 -5.61099864 -38.9377838
  0.614954894 -6.12164002 -38.7530089
  0.621821031 -6.6296528 -38.5532637
  0.621315549 -7.1347928 -38.3385159
  0.613381322 -7.63681084 -38.108727
  0.597962399 -8.13545227 -37.8638533
  0.575004086 -8.63045652 -37.6038444
  0.544453038 -9.12155662 -37.3286442
  0.506257394 -9.60847864 -37.0381903
  0.46036692 -10.0909412 -36.7324135
  0.406733194 -10.5686548 -36.4112382
  0.345309824 -11.0413213 -36.0745817
  0.276052695 -11.5086332 -35.7223543
  0.198920268 -11.970273 -35.3544588
  0.113873922 -12.4259123 -34.9707903
  0.0208783457 -12.8752114 -34.5712359
 -0.0800980031 -13.3178178 -34.1556745
 -0.189082374 -13.7533659 -33.723976
 -0.306097123 -14.1814758 -33.2760016
 -0.431159015 -14.6017519 -32.8116026
 -0.564278436 -15.0137823 -32.3306205
 -0.705458476 -15.4171374 -31.8328862
 -0.854693888 -15.8113683 -31.3182197
 -1.01196988 -16.1960056 -30.7864291
 -1.17726075 -16.570558 -30.2373105
 -1.35052829 -16.9345101 -29.6706468
 -1.53171995 -17.287321 -29.0862073
 -1.72076676 -17.628422 -28.4837467
 -1.91758092 -17.9572149 -27.8630046
 -2.12205294 -18.2730688 -27.2237039
 -2.33404849 -18.5753183 -26.5655506
 -2.5534046 -18.8632599 -25.8882324
 -2.77992532 -19.1361497 -25.1914175
 -3.01337669 -19.393199 -24.474754
 -3.25348089 -19.6335714 -23.7378681
 -3.49990935 -19.8563779 -22.9803637
 -3.75227481 -20.0606729 -22.2018209
 -4.01012195 -20.2454488 -21.401795
 -4.27291648 -20.4096305 -20.5798161
 -4.54003232 -20.5520692 -19.7353882
 -4.81073652 -20.6715357 -18.8679893
 -5.08417158 -20.7667128 -17.9770718
 -5.35933468 -20.8361869 -17.0620642
 -5.6350531 -20.878439 -16.1223736
 -5.90995549 -20.8918343 -15.1573903
 -6.18243802 -20.8746114 -14.1664952
 -6.45062463 -20.8248696 -13.1490701
 -6.71232073 -20.7405555 -12.1045131
 -6.96495926 -20.6194486 -11.0322615
 -7.20553855 -20.459145 -9.93182243
 -7.43055156 -20.2570406 -8.80281745
 -7.63590675 -20.0103128 -7.64504293
 -7.81684184 -19.7159021 -6.45855395
 -7.96783409 -19.3704931 -5.24377823
 -8.08251338 -18.9704973 -4.00166988
 -8.15359005 -18.5120371 -2.73391448
 -8.17281668 -17.9909357 -1.44319833
 -8.13101434 -17.4027146 -0.133554921
 -8.01820927 -16.742605  1.18920194
 -7.82394467 -16.0055795  2.51695822
 -7.53785382 -15.1864158  3.83871315
 -7.1505964 -14.2798069  5.13998122
 -6.65525904 -13.2805394  6.40229147
 -6.04928032 -12.1837655  7.60296074
 -5.33685423 -10.9854065  8.71538129
 -4.53157382 -9.68272537  9.71008099
 -3.65881186 -8.27511131  10.5567232
 -2.75707596 -6.76510254  11.2269602
 -1.87746927 -5.15963801  11.6976559
 -1.0805884 -3.47145194  11.9535943
 -0.43073578 -1.72040439  11.9886518
  0.0119551791  0.0656125043  11.8047451
  0.200284815  1.85068159  11.4086529
  0.10817708  3.59226722  10.8077249
 -0.263131355  5.24425921  10.0061305
 -0.882147489  6.76137814  9.00336602
 -1.68843529  8.10406633  7.79616637
 -2.59882219  9.24264342  6.3838006
 -3.51838794  10.1596801  4.77515231
 -4.35479922  10.850181  2.99459151
 -5.03287039  11.3199061  1.08345196
 -5.50521487  11.5826183 -0.904316352
 -5.75578095  11.657094 -2.91076348
 -5.79593356  11.5644934 -4.88314697
 -5.65572779  11.3263701 -6.78032786
 -5.37416461  10.9633517 -8.5750365
 -4.99128985  10.4943849 -10.2527534
 -4.5432394  9.93639349 -11.8088311
 -4.0599696  9.30420976 -13.2452837
 -3.56483692  8.61066569 -14.5680505
 -3.07518997  7.8667681 -15.7849989
 -2.60337194  7.0819069 -16.9046205
 -2.15778158  6.26406691 -17.9352621
 -1.74382488  5.42002741 -18.8847203
 -1.36469889  4.55554157 -19.7600657
 -1.02200585  3.67549369 -20.5676006
 -0.716219143  2.78403437 -21.3128888
 -0.447029388  1.88469542 -22.0008185
 -0.21359759  0.980486855 -22.6356789
 -0.0147382405  0.0739783948 -23.2212362
  0.150949554 -0.832632245 -23.7608052
  0.284989037 -1.73746215 -24.2573133
  0.388960477 -2.63889531 -24.7133553
  0.464455887 -3.53554249 -25.1312414
  0.513048188 -4.42620754 -25.5130374
  0.536270732 -5.30985905 -25.8605989
  0.535604222 -6.18560651 -26.1756001
  0.512468891 -7.05268019 -26.459558
  0.468220389 -7.91041401 -26.7138528
  0.404148261 -8.75823116 -26.9397455
  0.321476204 -9.59563173 -27.1383922
  0.221363536 -10.4221823 -27.3108569
  0.104907443 -11.2375068 -27.4581222
 -0.0268542786 -12.041279 -27.5810982
 -0.172940206 -12.833216 -27.6806304
 -0.332422143 -13.6130721 -27.7575068
 -0.504421951 -14.3806345 -27.8124634
 -0.688108424 -15.1357185 -27.8461896
 -0.882694261 -15.8781642 -27.8593325
 -1.08743315 -16.6078333 -27.852501
 -1.30161703 -17.3246059 -27.8262693
 -1.52457344 -18.0283786 -27.7811797
 -1.75566308 -18.7190621 -27.7177457
 -1.99427751 -19.3965793 -27.636454
 -2.23983698 -20.0608641 -27.5377671
 -2.49178842 -20.7118592 -27.4221251
 -2.74960356 -21.3495156 -27.2899472
 -3.01277717 -21.973791 -27.1416337
 -3.28082544 -22.5846491 -26.977567
 -3.55328447 -23.1820585 -26.7981136
 -3.82970884 -23.7659922 -26.6036243
 -4.10967029 -24.3364266 -26.3944362
 -4.39275651 -24.8933411 -26.1708731
 -4.67856997 -25.4367177 -25.9332468
 -4.9667269 -25.96654 -25.6818577
 -5.25685623 -26.4827934 -25.4169958
 -5.54859871 -26.9854641 -25.1389411
 -5.84160601 -27.4745395 -24.8479646
 -6.13553992 -27.950007 -24.544329
 -6.43007157 -28.4118543 -24.2282888
 -6.72488072 -28.8600693 -23.9000913
 -7.01965509 -29.294639 -23.559977
 -7.31408971 -29.7155505 -23.2081802
 -7.60788631 -30.1227897 -22.8449292
 -7.90075281 -30.5163417 -22.4704469
 -8.19240272 -30.8961908 -22.0849514
 -8.48255465 -31.2623198 -21.688656
 -8.77093186 -31.6147103 -21.2817702
 -9.05726177 -31.9533423 -20.8644994
 -9.34127553 -32.2781943 -20.4370456
 -9.62270762 -32.5892431 -19.9996081
 -9.90129544 -32.8864637 -19.5523831
 -10.1767789 -33.1698291 -19.0955645
 -10.4489003 -33.4393104 -18.6293445
 -10.7174033 -33.6948766 -18.1539132
 -10.9820337 -33.9364944 -17.6694595
 -11.2425379 -34.1641285 -17.1761714
 -11.4986636 -34.377741 -16.6742361
 -11.7501587 -34.5772917 -16.1638403
 -11.9967717 -34.7627379 -15.6451709
 -12.2382509 -34.9340343 -15.118415
 -12.4743444 -35.0911328 -14.5837602
 -12.7047997 -35.2339829 -14.0413954
 -12.9293637 -35.362531 -13.4915105
 -13.147782 -35.4767208 -12.9342975
 -13.359799 -35.5764928 -12.3699501
 -13.5651577 -35.6617848 -11.7986648
 -13.7635993 -35.7325312 -11.2206409
 -13.954863 -35.7886632 -10.6360809
 -14.1386859 -35.8301089 -10.0451911
 -14.3148026 -35.8567929 -9.44818215
 -14.4829454 -35.8686363 -8.84526917
 -14.6428436 -35.8655567 -8.23667255
 -14.7942237 -35.847468 -7.62261839
 -14.9368091 -35.8142805 -7.00333905
 -15.0703201 -35.7659005 -6.3790737
 -15.1944733 -35.7022304 -5.75006898
 -15.3089822 -35.6231685 -5.11657963
 -15.4135565 -35.5286092 -4.4788692
 -15.5079023 -35.4184423 -3.83721075
 -15.5917219 -35.2925533 -3.19188762
 -15.6647138 -35.1508234 -2.5431943
 -15.7265729 -34.993129 -1.89143726
 -15.7769902 -34.8193419 -1.23693589
 -15.8156532 -34.6293287 -0.580023501
 -15.8422455 -34.4229515  0.0789516207
 -15.8564475 -34.2000669  0.739625097
 -15.8579365 -33.9605265  1.40161525
 -15.8463866 -33.7041762  2.06452183
 -15.8214695 -33.4308568  2.72792463
 -15.7828547 -33.140403  3.39138205
 -15.7302102 -32.832644  4.05442951
 -15.6632028 -32.5074031  4.71657782
 -15.5814993 -32.1644973  5.37731137
 -15.484767 -31.8037377  6.03608628
 -15.3726752 -31.424929  6.6923283
 -15.2448959 -31.0278696  7.34543074
 -15.1011059 -30.6123513  7.99475212
 -14.9409879 -30.1781595  8.63961373
 -14.7642328 -29.725073  9.27929702
 -14.5705419 -29.2528639  9.91304086
 -14.3596295 -28.7612979  10.5400386
 -14.1312261 -28.2501341  11.1594348
 -13.8850816 -27.7191252  11.7703222
 -13.6209693 -27.1680176  12.3717382
 -13.3386908 -26.596552  12.962661
 -13.038081 -26.0044633  13.5420058
 -12.7190141 -25.3914814  14.1086211
 -12.3814104 -24.7573317  14.6612842
 -12.0252443 -24.101736  15.198697
 -11.6505531 -23.4244135  15.7194818
 -11.257447 -22.7250819  16.2221765
 -10.8461209 -22.0034595  16.7052299
 -10.4168671 -21.2592665  17.1669979
 -9.97009058 -20.4922282  17.6057382
 -9.50632553 -19.7020777  18.0196066
 -9.02625441 -18.8885595  18.4066528
 -8.53072941 -18.0514347  18.7648169
 -8.02079662 -17.1904863  19.0919264
 -7.49772312 -16.3055264  19.3856939
 -6.96302743 -15.3964051  19.6437159
 -6.41851334 -14.4630208  19.8634727
 -5.86630766 -13.5053338  20.0423301
 -5.3089018 -12.5233828  20.177542
 -4.74919754 -11.5173045  20.2662562
 -4.19055672 -10.4873594  20.3055219
 -3.63685478 -9.43396218  20.2922994
 -3.09253754 -8.3577211  20.2234736
 -2.56267996 -7.25948551  20.0958686
 -2.05304534 -6.14040603  19.9062657
 -1.57014177 -5.0020092  19.6514217
 -1.12127158 -3.84629061  19.3280875
 -0.714566593 -2.67583078  18.9330222
 -0.358999273 -1.49393919  18.4630003
 -0.0643539706 -0.304832234  17.9148035
  0.158864192  0.886148452  17.2851877
  0.299616377  2.07227137  16.5708116
  0.346661654  3.24510031  15.7681089
  0.289103022  4.39413017  14.8730811
  0.117245786  5.50638458  13.8809924
 -0.176099718  6.5660037  12.7859536
 -0.593705623  7.55387984  11.5804239
 -1.13122684  8.44744047  10.2547429
 -1.77359773  9.22073181  8.79698469
 -2.4906529  9.84500931  7.19373465
 -3.23272111  10.2900647  5.43281007
 -3.92816415  10.5264628  3.50922044
 -4.48656956  10.5286721  1.43503763
 -4.81228681  10.2787352 -0.748864016
 -4.83006632  9.76972755 -2.96606807
 -4.51521832  9.00801278 -5.11244463
 -3.9105239  8.01344789 -7.08128278
 -3.11535294  6.81728847 -8.79350837
 -2.25220092  5.45832255 -10.2142462
 -1.43172685  3.97830944 -11.348732
 -0.732858055  2.41784289 -12.2262276
 -0.199661738  0.813369966 -12.8840408
  0.152098835 -0.80442874 -13.3575575
  0.325799327 -2.41109154 -13.6761647
  0.33595155 -3.98803187 -13.8627497
  0.202458063 -5.52176711 -13.9347255
 -0.0530560137 -7.00299833 -13.905406
 -0.409378791 -8.42571302 -13.7852269
 -0.846835415 -9.78639671 -13.5826714
 -1.34778894 -11.0833831 -13.3049155
 -1.89677895 -12.31634 -12.9582541
 -2.48046207 -13.4858754 -12.5483715
 -3.08745335 -14.5932405 -12.0805073
 -3.70812636 -15.6401112 -11.559556
 -4.33440405 -16.6284282 -10.9901243
 -4.95955766 -17.5602819 -10.3765645
 -5.57802186 -18.4378309 -9.72299276
 -6.18522928 -19.2632449 -9.03329998
 -6.77746498 -20.0386649 -8.31115931
 -7.35173972 -20.7661774 -7.56003177
 -7.90568057 -21.4477971 -6.78317181
 -8.43743674 -22.085457 -5.98363326
 -8.94559895 -22.6810025 -5.16427583
 -9.42913044 -23.2361899 -4.32777243
 -9.88730806 -23.752686 -3.47661685
 -10.319672 -24.2320705 -2.61313205
 -10.725983 -24.6758385 -1.73947865
 -11.1061858 -25.0854041 -0.857663602
 -11.4603778 -25.4621042  0.0304510832
 -11.7887832 -25.807203  0.92313976
 -12.0917297 -26.1218955  1.81880469
 -12.3696301 -26.407312  2.71596783
 -12.6229653 -26.6645218  3.61326294
 -12.852271 -26.8945371  4.509428
 -13.058126 -27.0983167  5.403298
 -13.2411417 -27.2767693  6.29379807
 -13.4019544 -27.4307565  7.179937
 -13.541218 -27.5610965  8.06080119
 -13.6595979 -27.668566  8.9355489
 -13.7577662 -27.7539037  9.80340486
 -13.8363973 -27.8178121  10.6636553
 -13.896165 -27.8609603  11.5156433
 -13.9377389 -27.8839856  12.3587644
 -13.9617825 -27.8874963  13.1924624
 -13.9689514 -27.8720725  14.016226
 -13.9598915 -27.8382688  14.8295849
 -13.9352378 -27.7866152  15.6321067
 -13.8956136 -27.717619  16.4233941
 -13.8416297 -27.6317661  17.2030816
 -13.7738839 -27.5295221  17.9708336
 -13.6929606 -27.4113338  18.7263415
 -13.5994309 -27.2776303  19.4693217
 -13.493852 -27.1288236  20.1995136
 -13.3767675 -26.9653103  20.9166776
 -13.2487074 -26.787472  21.6205934
 -13.1101883 -26.5956764  22.3110585
 -12.9617138 -26.390278  22.9878864
 -12.8037743 -26.1716189  23.6509057
 -12.6368477 -25.9400295  24.2999582
 -12.4613994 -25.6958292  24.9348985
 -12.2778831 -25.4393271  25.5555921
 -12.0867406 -25.1708225  26.161915
 -11.8884026 -24.8906054  26.7537524
 -11.6832889 -24.5989571  27.330998
 -11.471809 -24.2961511  27.8935532
 -11.254362 -23.9824526  28.4413262
 -11.0313378 -23.6581202  28.9742316
 -10.8031165 -23.3234051  29.4921893
 -10.5700699 -22.9785527  29.9951244
 -10.3325608 -22.6238019  30.4829664
 -10.0909445 -22.2593863  30.9556485
 -9.84556803 -21.8855341  31.4131075
 -9.59677153 -21.5024688  31.8552831
 -9.34488804 -21.1104091  32.2821176
 -9.09024406 -20.7095696  32.6935554
 -8.83315991 -20.3001609  33.0895425
 -8.57395007 -19.88239  33.4700266
 -8.31292353 -19.4564607  33.8349564
 -8.05038414 -19.0225736  34.1842814
 -7.78663097 -18.5809265  34.5179514
 -7.5219586 -18.1317151  34.8359167
 -7.25665748 -17.6751324  35.1381275
 -6.99101427 -17.2113698  35.4245337
 -6.72531213 -16.7406171  35.6950845
 -6.45983102 -16.2630625  35.9497286
 -6.19484806 -15.7788931  36.1884136
 -5.93063782 -15.2882953  36.4110859
 -5.6674726 -14.7914548  36.6176907
 -5.40562275 -14.288557  36.8081713
 -5.14535697 -13.7797874  36.9824694
 -4.88694262 -13.2653316  37.1405248
 -4.63064597 -12.7453758  37.2822751
 -4.37673257 -12.2201069  37.4076554
 -4.12546747 -11.6897133  37.5165985
 -3.87711555 -11.1543845  37.6090343
 -3.63194182 -10.6143118  37.68489
 -3.39021171 -10.0696887  37.7440895
 -3.15219135 -9.52071123  37.7865536
 -2.91814789 -8.96757806  37.8121996
 -2.68834979 -8.41049118  37.8209411
 -2.46306715 -7.84965614  37.8126879
 -2.24257196 -7.28528253  37.7873457
 -2.02713848 -6.7175844  37.7448159
 -1.81704347 -6.14678076  37.6849956
 -1.61256661 -5.57309609  37.6077769
 -1.41399072 -4.99676082  37.5130472
 -1.22160216 -4.41801196  37.4006883
 -1.0356911 -3.8370937  37.270577
 -0.856551892 -3.25425805  37.122584
 -0.684483405 -2.66976553  36.9565739
 -0.519789333 -2.08388597  36.7724052
 -0.362778558 -1.4968993  36.5699295
 -0.213765482 -0.909096422  36.3489912
 -0.0730703683 -0.32078019  36.1094274
  0.0589803259  0.26773358  35.8510673
  0.182053618  0.856114975  35.5737317
  0.29580968  1.44401876  35.2772325
  0.399901533  2.03108307  34.9613724
  0.49397476  2.61692791  34.6259441
  0.577667244  3.20115361  34.2707296
  0.650608943  3.78333905  33.8954999
  0.712421708  4.36303979  33.5000138
  0.762719161  4.93978591  33.0840173
  0.801106646  5.51307973  32.6472427
  0.827181281  6.08239323  32.1894075
  0.840532121  6.64716528  31.7102132
  0.840740484  7.20679843  31.2093444
  0.827380461  7.76065549  30.6864671
  0.800019672  8.30805567  30.1412269
  0.758220314  8.84827027  29.5732479
  0.701540598  9.38051791  28.98213
  0.629536651  9.90395916  28.3674474
  0.541765011  10.4176906  27.7287452
  0.437785861  10.9207379  27.0655372
  0.317167202  11.4120487  26.3773024
  0.179490191  11.8904837  25.663481
  0.024355948  12.3548072  24.9234705
 -0.14860577  12.8036765  24.1566203
 -0.339725547  13.2356295  23.3622267
 -0.549280318  13.6490709  22.5395258
 -0.777475581  14.0422565  21.6876867
 -1.02442281  14.4132757  20.8058028
 -1.29011074  14.7600311  19.892883
 -1.57436874  15.0802158  18.9478407
 -1.87682025  15.3712872  17.9694831
 -2.19682323  15.6304383  16.9564993
 -2.5333942  15.854564  15.907449
 -2.88511117  16.0402246  14.8207521
 -3.24998968  16.1836039  13.6946829
 -3.62532498  16.2804635  12.5273718
 -4.00749177  16.3260935  11.3168212
 -4.39169225  16.3152593  10.0609469
 -4.7716433  16.2421476  8.75766097
 -5.13919633  16.1003141  7.40502403
 -5.48389217  15.8826388  6.0015058
 -5.79247211  15.5812978  4.54641446
 -6.04840477  15.187765  3.04057557
 -6.23155694  14.6928649  1.48736198
 -6.31824995  14.0869071 -0.105824691
 -6.28210233  13.3599452 -1.72557805
 -6.09623393  12.5022152 -3.35014944
 -5.73747554  11.5048215 -4.94724422
 -5.19294508  10.3607411 -6.4729888
 -4.46839862  9.06619157 -7.8735833
 -3.59609171  7.6223502 -9.09096605
 -2.63827243  6.03728325 -10.0722912
 -1.68255419  4.32775903 -10.7803904
 -0.828456172  2.52041549 -11.200538
 -0.168955773  0.651644647 -11.3400164
  0.226503136 -1.23430541 -11.2209373
  0.32240346 -3.08904506 -10.8703658
  0.119400836 -4.86494031 -10.3123455
 -0.350109432 -6.52002822 -9.56431962
 -1.030448 -8.02173371 -8.63786659
 -1.85264085 -9.34864801 -7.54210296
 -2.74411533 -10.4903439 -6.28773599
 -3.63692183 -11.4457628 -4.89014679
 -4.47378348 -12.2209132 -3.3706221
 -5.21164987 -12.8265094 -1.75564485
 -5.82278563 -13.2759411 -0.0747763195
 -6.29377779 -13.5837243  1.64203528
 -6.62311664 -13.7644301  3.36693262
 -6.81810071 -13.8320132  5.07591144
 -6.8917237 -13.7994355  6.74970984
 -6.85998618 -13.6784955  8.37393102
 -6.73983777 -13.4797877  9.93863376
 -6.5477691 -13.2127415  11.4376383
 -6.29896227 -12.8857009  12.867744
 -6.00686584 -12.506025  14.2279851
 -5.68306174 -12.0801931  15.5189897
 -5.33731406 -11.6139068  16.7424635
 -4.97771858 -11.1121854  17.9007933
 -4.61089786 -10.579452  18.9967563
 -4.2422074 -10.0196099  20.0333126
 -3.87593323 -9.43610993  21.0134633
 -3.51547076 -8.83200911  21.9401563
 -3.16348114 -8.21002141  22.8162276
 -2.82202462 -7.57256177  23.6443668
 -2.49267256 -6.9217841  24.4270998
 -2.17660033 -6.25961397  25.1667825
 -1.87466373 -5.58777701  25.8656023
 -1.58746153 -4.90782329  26.525584
 -1.31538649 -4.22114849  27.1485984
 -1.05866669 -3.52901224  27.7363724
 -0.817399173 -2.83255399  28.2904995
 -0.591577061 -2.13280686  28.8124505
 -0.381111588 -1.43070967  29.3035838
 -0.18584985 -0.727117492  29.7651547
 -0.00558915607 -0.0228107987  30.1983247
  0.159911384  0.681496426  30.6041701
  0.310921525  1.38514961  30.9836887
  0.447732368  2.08754737  31.3378077
  0.570650311  2.78813594  31.6673894
  0.679992204  3.4864044  31.9732369
  0.776081462  4.18188024  32.2560995
  0.859244981  4.87412562  32.5166771
  0.929810681  5.5627339  32.7556244
  0.988105578  6.24732662  32.9735546
  1.03445428  6.92755079  33.1710431
  1.0691778  7.60307639  33.34863
  1.09259273  8.27359429  33.5068234
  1.10501051  8.93881419  33.6461018
  1.106737  9.5984629  33.766916
  1.09807217  10.2522827  33.8696915
  1.07930985  10.9000301  33.9548304
  1.05073768  11.541474  34.0227128
  1.01263706  12.1763953  34.0736986
  0.965283191  12.8045851  34.1081288
  0.908945161  13.4258441  34.1263267
  0.843886092  14.0399815  34.1285993
  0.770363292  14.6468145  34.1152382
  0.688628445  15.2461672  34.0865204
  0.598927817  15.8378701  34.0427098
  0.501502481  16.4217592  33.9840574
  0.396588548  16.9976761  33.9108022
  0.284417411  17.5654664  33.8231723
  0.165215993  18.1249802  33.721385
  0.039206996  18.6760711  33.6056478
 -0.0933908416  19.2185958  33.4761588
 -0.232362488  19.7524139  33.3331072
 -0.377496364  20.2773874  33.1766738
 -0.52858408  20.7933802  33.0070314
 -0.685420183  21.3002581  32.8243454
 -0.847801896  21.7978881  32.6287739
 -1.01552886  22.2861384  32.4204682
 -1.18840289  22.7648781  32.1995734
 -1.36622769  23.2339767  31.9662281
 -1.54880863  23.6933042  31.7205654
 -1.73595244  24.1427302  31.4627126
 -1.92746702  24.5821246  31.1927918
 -2.12316111  25.0113566  30.91092
 -2.32284406  25.4302948  30.6172094
 -2.52632557  25.8388069  30.3117678
 -2.73341542  26.2367595  29.9946984
 -2.94392316  26.6240181  29.6661004
 -3.15765789  27.0004463  29.3260688
 -3.37442793  27.3659065  28.9746951
 -3.59404056  27.7202588  28.612067
 -3.81630168  28.0633613  28.238269
 -4.04101558  28.3950699  27.8533822
 -4.26798454  28.7152378  27.4574847
 -4.49700856  29.0237156  27.0506516
 -4.727885  29.3203511  26.6329555
 -4.96040825  29.6049886  26.2044662
 -5.19436933  29.8774695  25.7652513
 -5.42955554  30.1376312  25.3153762
 -5.66575007  30.3853078  24.854904
 -5.90273153  30.6203288  24.3838964
 -6.14027358  30.84252  23.902413
 -6.37814444  31.0517025  23.4105122
 -6.61610639  31.2476925  22.9082511
 -6.85391529  31.4303015  22.3956858
 -7.09132003  31.5993355  21.8728715
 -7.32806195  31.7545951  21.3398629
 -7.56387425  31.895875  20.7967145
 -7.79848133  32.0229639  20.2434807
 -8.03159812  32.1356437  19.6802164
 -8.26292936  32.2336901  19.106977
 -8.49216884  32.3168711  18.523819
 -8.71899853  32.3849475  17.9308006
 -8.94308776  32.4376724  17.3279817
 -9.16409226  32.4747903  16.7154247
 -9.38165314  32.4960373  16.0931951
 -9.59539589  32.5011402  15.461362
 -9.80492918  32.4898163  14.819999
 -10.0098437  32.461773  14.1691847
 -10.2097107  32.4167068  13.5090039
 -10.404081  32.3543034  12.8395484
 -10.592483  32.2742367  12.1609181
 -10.7744215  32.1761682  11.4732224
 -10.9493757  32.0597468  10.7765817
 -11.1167979  31.9246075  10.0711286
 -11.2761111  31.7703712  9.35701037
 -11.4267072  31.5966438  8.6343904
 -11.5679448  31.4030153  7.90345096
 -11.6991472  31.1890591  7.16439573
 -11.8195999  30.9543312  6.41745287
 -11.9285481  30.6983691  5.6628785
 -12.0251942  30.4206913  4.90096061
 -12.1086954  30.1207955  4.13202365
 -12.1781609  29.7981584  3.35643362
 -12.2326496  29.4522343  2.57460401
 -12.2711672  29.082454  1.78700249
 -12.2926641  28.6882234  0.994158633
 -12.2960334  28.2689232  0.196672729
 -12.2801088  27.8239069 -0.604774168
 -12.2436641  27.3524999 -1.40940872
 -12.1854126  26.8539989 -2.21635218
 -12.104008  26.3276704 -3.02460538
 -11.9980466  25.7727498 -3.8330317
 -11.8660722  25.1884412 -4.64033764
 -11.7065823  24.5739165 -5.44505093
 -11.5180394  23.9283153 -6.24549571
 -11.2988848  23.2507458 -7.03976484
 -11.0475598  22.5402853 -7.82568891
 -10.7625323  21.7959824 -8.60080211
 -10.4423334  21.0168601 -9.36230494
 -10.0856043  20.2019205 -10.1070241
 -9.69115712  19.3501516 -10.8313704
 -9.25805143  18.4605363 -11.5312951
 -8.78569125  17.532066 -12.2022479
 -8.27394465  16.5637578 -12.839137
 -7.72329028  15.5546786 -13.436297
 -7.13499388  14.5039771 -13.9874674
 -6.51131725  13.4109259 -14.4857892
 -5.85576029  12.2749784 -14.9238263
 -5.17333417  11.0958435 -15.2936199
 -4.47085898  9.87358382 -15.586786
 -3.75727312  8.60874517 -15.794662
 -3.04393298  7.30252546 -15.90851
 -2.34487031  5.95699412 -15.9197738
 -1.67696122  4.57537427 -15.8203806
 -1.05994463  3.16240096 -15.603061
 -0.516210541  1.72476725 -15.2616445
 -0.0702596067  0.271663922 -14.791264
  0.252283808 -1.18459523 -14.1883855
  0.426240098 -2.6278981 -13.450568
  0.429170372 -4.03769015 -12.5758736
  0.244535908 -5.38851019 -11.5619104
 -0.134203959 -6.64993734 -10.4046237
 -0.698652918 -7.78725113 -9.09720962
 -1.4201757 -8.76311093 -7.62990666
 -2.2454197 -9.54042226 -5.9918645
 -3.09492523 -10.0862259 -4.17645362
 -3.86819388 -10.3759751 -2.19052383
 -4.45845456 -10.3971668 -0.065413812
 -4.77686816 -10.1512521  2.13646484
 -4.77852075 -9.65321535  4.32705645
 -4.47658092 -8.92899165  6.41177833
 -3.93517502 -8.01157218  8.31330752
 -3.24532701 -6.93689002  9.98673903
 -2.49833263 -5.74035665  11.4202661
 -1.76826043 -4.45447522  12.6258232
 -1.10602717 -3.10754636  13.6275377
 -0.54129235 -1.72324353  14.4529233
 -0.0875269098 -0.320763633  15.1279024
  0.252717265  1.08470761  15.6747585
  0.483565881  2.48140386  16.1117734
  0.612820031  3.86037622  16.4536289
  0.649995148  5.21494267  16.7120489
  0.605115529  6.54021434  16.8964373
  0.488015472  7.83270325  17.0144192
  0.307963479  9.09000558  17.0722682
  0.07348489  10.3105502  17.0752309
 -0.207697814  11.4934013  17.0277686
 -0.52865776  12.6381046  16.9337358
 -0.883220665  13.7445682  16.7965119
 -1.26590475  14.8129707  16.619098
 -1.67185458  15.84369  16.4041895
 -2.09677503  16.8372493  16.1542306
 -2.53686874  17.7942748  15.871456
 -2.98877856  18.7154639  15.5579223
 -3.44953571  19.6015607  15.2155333
 -3.91651356  20.4533373  14.8460598
 -4.38738678  21.2715797  14.4511555
 -4.86009546  22.0570771  14.0323702
 -5.33281358  22.8106136  13.5911605
 -5.80392152  23.5329629  13.1288991
 -6.27198197  24.2248833  12.6468824
 -6.7357189  24.8871153  12.1463374
 -7.19399916  25.5203788  11.6284273
 -7.64581635  26.1253723  11.0942568
 -8.09027678  26.7027715  10.5448768
 -8.52658705  27.2532296  9.98128797
 -8.95404322  27.7773767  9.40444497
 -9.37202124  28.27582  8.81525932
 -9.77996853  28.7491445  8.21460259
 -10.1773966  29.1979134  7.60330906
 -10.5638744  29.6226683  6.98217823
 -10.9390226  30.0239304  6.35197708
 -11.3025085  30.402201  5.71344217
 -11.6540412  30.7579619  5.0672816
 -11.9933679  31.0916767  4.41417677
 -12.32027  31.4037912  3.75478405
 -12.63456  31.6947342  3.08973634
 -12.9360786  31.9649181  2.41964444
 -13.2246922  32.2147398  1.74509845
 -13.5002905  32.4445813  1.06666896
 -13.7627843  32.6548103  0.384908231
 -14.0121041  32.8457809 -0.29964872
 -14.2481981  33.017834 -0.986483114
 -14.4710307  33.1712984 -1.67509145
 -14.6805812  33.3064907 -2.36498461
 -14.8768429  33.4237163 -3.05568705
 -15.0598215  33.5232696 -3.74673594
 -15.2295344  33.6054349 -4.4376805
 -15.3860101  33.6704865 -5.12808125
 -15.5292867  33.718689 -5.81750935
 -15.659412  33.7502984 -6.50554598
 -15.7764422  33.7655617 -7.19178175
 -15.8804418  33.7647179 -7.87581614
 -15.9714828  33.7479979 -8.55725695
 -16.0496442  33.7156254 -9.23571979
 -16.1150121  33.6678167 -9.91082762
 -16.1676786  33.604781 -10.5822103
 -16.207742  33.5267215 -11.249504
 -16.2353063  33.4338346 -11.9123512
 -16.250481  33.3263109 -12.5703996
 -16.2533809  33.2043354 -13.2233025
 -16.2441258  33.0680875 -13.8707178
 -16.2228405  32.9177413 -14.5123081
 -16.1896546  32.7534661 -15.1477401
 -16.1447022  32.5754265 -15.7766842
 -16.0881222  32.3837822 -16.3988146
 -16.0200578  32.178689 -17.0138086
 -15.9406569  31.9602985 -17.6213464
 -15.8500715  31.7287583 -18.2211107
 -15.7484583  31.4842122 -18.812787
 -15.6359782  31.2268009 -19.3960623
 -15.5127968  30.9566614 -19.970626
 -15.3790839  30.6739277 -20.5361686
 -15.235014  30.3787309 -21.0923823
 -15.0807663  30.0711992 -21.6389601
 -14.9165244  29.7514584 -22.1755959
 -14.7424769  29.4196317 -22.7019843
 -14.5588175  29.0758403 -23.2178201
 -14.3657446  28.720203 -23.7227983
 -14.1634621  28.3528371 -24.2166137
 -13.9521791  27.9738579 -24.698961
 -13.7321105  27.5833794 -25.1695341
 -13.5034766  27.1815141 -25.6280262
 -13.2665042  26.7683735 -26.0741295
 -13.021426  26.344068 -26.5075349
 -12.7684812  25.9087074 -26.927932
 -12.507916  25.462401 -27.3350085
 -12.2399835  25.0052575 -27.7284503
 -11.9649442  24.5373857 -28.1079412
 -11.6830666  24.0588945 -28.4731626
 -11.3946271  23.5698933 -28.8237933
 -11.0999106  23.0704917 -29.1595092
 -10.7992111  22.5608008 -29.4799832
 -10.492832  22.0409323 -29.784885
 -10.1810865  21.5109999 -30.0738804
 -9.86429824  20.9711187 -30.3466318
 -9.54280183  20.4214062 -30.6027973
 -9.21694344  19.8619824 -30.8420307
 -8.88708143  19.2929703 -31.0639812
 -8.55358701  18.7144962 -31.2682933
 -8.21684497  18.1266901 -31.4546061
 -7.87725444  17.5296868 -31.6225535
 -7.53522974  16.9236255 -31.7717634
 -7.19120119  16.3086513 -31.9018581
 -6.84561613  15.6849152 -32.0124531
 -6.49893986  15.0525754 -32.1031575
 -6.15165674  14.4117974 -32.1735733
 -5.80427133  13.7627555 -32.2232952
 -5.45730962  13.1056334 -32.2519101
 -5.11132033  12.4406254 -32.2589967
 -4.7668763  11.7679375 -32.2441255
 -4.42457603  11.0877886 -32.2068578
 -4.08504525  10.400412 -32.1467458
 -3.74893865  9.70605708 -32.0633316
 -3.41694169  9.00499091 -31.9561474
 -3.08977259  8.29750024 -31.8247144
 -2.76818439  7.58389373 -31.6685423
 -2.45296718  6.86450434 -31.4871294
 -2.14495048  6.13969216 -31.2799611
 -1.84500572  5.40984745 -31.0465097
 -1.55404893  4.6753941 -30.7862338
 -1.27304352  3.93679365 -30.498577
 -1.00300323  3.19454964 -30.1829677
 -0.74499518  2.44921271 -29.8388177
 -0.500143055  1.70138633 -29.465521
 -0.269630347  0.951733302 -29.062453
 -0.0547036162  0.200983216 -28.6289689
  0.143324288 -0.550059014 -28.164402
  0.323071149 -1.30050339 -27.6680617
  0.483082596 -2.04936362 -27.1392315
  0.621829792 -2.79554416 -26.5771662
  0.737707859 -3.53782529 -25.9810884
  0.829035428 -4.27484587 -25.350185
  0.89405578 -5.00508333 -24.6836016
  0.930940299 -5.72683037 -23.9804369
  0.937795142 -6.438168 -23.2397347
  0.912672441 -7.13693399 -22.4604744
  0.853587776 -7.82068613 -21.641559
  0.758546345 -8.48665945 -20.7817992
  0.625581156 -9.1317162 -19.8798944
  0.452807833 -9.75228767 -18.9344075
  0.238502317 -10.3443066 -17.943734
 -0.0187898134 -10.9031293 -16.9060633
 -0.320100495 -11.4234455 -15.8193305
 -0.665826475 -11.8991775 -14.6811607
 -1.05543475 -12.3233662 -13.4888038
 -1.48705695 -12.6880493 -12.2390687
 -1.95693548 -12.9841334 -10.9282696
 -2.45867691 -13.2012724 -9.55221371
 -2.98226681 -13.3277686 -8.10629001
 -3.51281634 -13.3505234 -6.58576596
